# uWu... it's just so cute and TINY!
type: mandelbrot
pixels: 1024
centerx: -1.40812110900879
centery: -0.136344909667969
axislength: 0.0028839111328125
iterations: 350
